12 00 01 00 81 9E 07 61 6E 73 77 65 72 00 04 00 00 00 80 BF 12 00 01 00 81 9E 07 61 6E 73 77 65 72 00 04 00 00 00 80 BF 12 00 01 00 81 9E 07 61 6E 73 77 65 72 00 04 00 00 00 80 BF 12 00 01 00 81 9E 07 61 6E 73 77 65 72 00 04 00 00 00 80 BF 12 00 01 00 81 9E 07 61 6E 73 77 65 72 00 04 00 00 00 80 BF 12 00 01 00 81 9E 07 61 6E 73 77 65 72 00 04 00 00 00 80 BF 12 00 01 00 81 9E 07 61 6E 73 77 65 72 00 04 00 00 00 80 BF 12 00 01 00 81 9E 07 61 6E 73 77 65 72 00 04 00 00 00 80 BF 12 00 01 00 81 9E 07 61 6E 73 77 65 72 00 04 00 00 00 80 BF 12 00 01 00 81 9E 07 61 6E 73 77 65 72 00 04 00 00 00 80 BF 12 00 01 00 81 9E 07 61 6E 73 77 65 72 00 04 00 00 00 80 BF 12 00 01 00 81 9E 07 61 6E 73 77 65 72 00 04 00 00 00 80 BF 12 00 01 00 81 9E 07 61 6E 73 77 65 72 00 04 00 00 00 80 BF 12 00 01 00 81 9E 07 61 6E 73 77 65 72 00 04 00 00 00 80 BF 12 00 01 00 81 9E 07 61 6E 73 77 65 72 00 04 00 00 00 80 BF 12 00 01 00 81 9E 07 61 6E 73 77 65 72 00 04 00 00 00 80 BF 12 00 01 00 81 9E 07 61 6E 73 77 65 72 00 04 00 00 00 80 BF 12 00 01 00 81 9E 07 61 6E 73 77 65 72 00 04 00 00 00 80 BF 12 00 01 00 81 9E 07 61 6E 73 77 65 72 00 04 00 00 00 80 BF 12 00 01 00 81 9E 07 61 6E 73 77 65 72 00 04 00 00 00 80 BF 12 00 01 00 81 9E 07 61 6E 73 77 65 72 00 04 00 00 00 80 BF 12 00 01 00 81 9E 07 61 6E 73 77 65 72 00 04 00 00 00 80 BF 12 00 01 00 81 9E 07 61 6E 73 77 65 72 00 04 00 00 00 80 BF 12 00 01 00 81 9E 07 61 6E 73 77 65 72 00 04 00 00 00 80 BF 12 00 01 00 81 9E 07 61 6E 73 77 65 72 00 04 00 00 00 80 BF 12 00 01 00 81 9E 07 61 6E 73 77 65 72 00 04 00 00 00 80 BF 12 00 01 00 81 9E 07 61 6E 73 77 65 72 00 04 00 00 00 80 BF 12 00 01 00 81 9E 07 61 6E 73 77 65 72 00 04 00 00 00 80 BF 12 00 01 00 81 9E 07 61 6E 73 77 65 72 00 04 00 00 00 80 BF 12 00 01 00 81 9E 07 61 6E 73 77 65 72 00 04 00 00 00 80 BF 12 00 01 00 81 9E 07 61 6E 73 77 65 72 00 04 00 00 00 80 BF 12 00 01 00 81 9E 07 61 6E 73 77 65 72 00 04 00 00 00 80 BF 12 00 01 00 81 9E 07 61 6E 73 77 65 72 00 04 00 00 00 80 BF 12 00 01 00 81 9E 07 61 6E 73 77 65 72 00 04 00 00 00 80 BF 12 00 01 00 81 9E 07 61 6E 73 77 65 72 00 04 00 00 00 80 BF 12 00 01 00 81 9E 07 61 6E 73 77 65 72 00 04 00 00 00 80 BF 12 00 01 00 81 9E 07 61 6E 73 77 65 72 00 04 00 00 00 80 BF 12 00 01 00 81 9E 07 61 6E 73 77 65 72 00 04 00 00 00 80 BF 12 00 01 00 81 9E 07 61 6E 73 77 65 72 00 04 00 00 00 80 BF 12 00 01 00 81 9E 07 61 6E 73 77 65 72 00 04 00 00 00 80 BF 12 00 01 00 81 9E 07 61 6E 73 77 65 72 00 04 00 00 00 80 BF 12 00 01 00 81 9E 07 61 6E 73 77 65 72 00 04 00 00 00 80 BF 12 00 01 00 81 9E 07 61 6E 73 77 65 72 00 04 00 00 00 80 BF 12 00 01 00 81 9E 07 61 6E 73 77 65 72 00 04 00 00 00 80 BF 12 00 01 00 81 9E 07 61 6E 73 77 65 72 00 04 00 00 00 80 BF 12 00 01 00 81 9E 07 61 6E 73 77 65 72 00 04 00 00 00 80 BF 12 00 01 00 81 9E 07 61 6E 73 77 65 72 00 04 00 00 00 80 BF 12 00 01 00 81 9E 07 61 6E 73 77 65 72 00 04 00 00 00 80 BF 12 00 01 00 81 9E 07 61 6E 73 77 65 72 00 04 00 00 00 80 BF

http://www.qqxiuzi.cn/bianma/ascii.htm
http://tool.oschina.net/hexconvert/
http://www.51hei.com/mcu/4342.html

16进制 12  00  01  00  81 9E 07         61 6E 73 77 65 72 00 04 00 00 00 80 BF
字符   DC2 NUT SOH NUT       bel


ASCII 18  0   1    0  129 158 7        97 110 115 119 101 114 0    4   0   0   0       128      191 

字符   DC2 NUT SOH NUT u   pts bel	   a  n    s   w   e   r  NUT  EOT NUT NUT NUT  打印ziyuan ziyuan


1 2 3 4 16进制
12 00 01 00 81 9E 07 61 6E 73 77 65 72 00 04 00 00 00 80 3F
12 00 01 00 81 9E 07 61 6E 73 77 65 72 00 04 00 00 00 00 40
12 00 01 00 81 9E 07 61 6E 73 77 65 72 00 04 00 00 00 40 40
12 00 01 00 81 9E 07 61 6E 73 77 65 72 00 04 00 00 00 80 40

10进制
18 0 1 0 129 158 7 97 110 115 119 101 114 0 4 0 0 0 128 63
18 0 1 0 129 158 7 97 110 115 119 101 114 0 4 0 0 0 0 64
18 0 1 0 129 158 7 97 110 115 119 101 114 0 4 0 0 0 64 64
18 0 1 0 129 158 7 97 110 115 119 101 114 0 4 0 0 0 128 64


5 6 7 8 16进制
12 00 01 00 81 9E 07 61 6E 73 77 65 72 00 04 00 00 00 A0 40
12 00 01 00 81 9E 07 61 6E 73 77 65 72 00 04 00 00 00 C0 40
12 00 01 00 81 9E 07 61 6E 73 77 65 72 00 04 00 00 00 E0 40
12 00 01 00 81 9E 07 61 6E 73 77 65 72 00 04 00 00 00 00 41
3 4 5 6  16进制
12 00 01 00 81 9E 07 61 6E 73 77 65 72 00 04 00 00 00 40 40
12 00 01 00 81 9E 07 61 6E 73 77 65 72 00 04 00 00 00 80 40
12 00 01 00 81 9E 07 61 6E 73 77 65 72 00 04 00 00 00 A0 40
12 00 01 00 81 9E 07 61 6E 73 77 65 72 00 04 00 00 00 C0 40
1 2 9 10 16进制
12 00 01 00 81 9E 07 61 6E 73 77 65 72 00 04 00 00 00 80 3F
12 00 01 00 81 9E 07 61 6E 73 77 65 72 00 04 00 00 00 00 40
12 00 01 00 81 9E 07 61 6E 73 77 65 72 00 04 00 00 00 10 41
12 00 01 00 81 9E 07 61 6E 73 77 65 72 00 04 00 00 00 20 41



-1,0,11，12 

12 00 01 00 81 9E 07 61 6E 73 77 65 72 00 04 00 00 00 80 BF
12 00 01 00 81 9E 07 61 6E 73 77 65 72 00 04 00 00 00 00 00
12 00 01 00 81 9E 07 61 6E 73 77 65 72 00 04 00 00 00 30 41
12 00 01 00 81 9E 07 61 6E 73 77 65 72 00 04 00 00 00 40 41
